0 0
0 0
0 0
0 0
0 0
0 1
0 0
0 0
0 0
0 0
0 0
0 1
0 0
0 0
0 0
0 0
0 0
0 1
0 0
0 0
0 0
0 0
0 0
0 1
0 0
0 0
0 0
0 0
0 0
0 1
0 0
0 0
0 0
0 0
0 0
0 0
0 0
0 0
0 0
0 0
0 0
0 0
0 0
0 0
0 0
0 0
0 1
0 0
0 0
0 0
0 0
0 0
0 1
0 0
0 0
0 0
0 1
0 0
0 0
0 1
0 0
0 0
0 0
0 1
0 0
0 0
0 0
0 0
0 1
0 0
0 0
0 0
0 1
0 0
0 0
0 1
0 0
0 0
0 0
0 0
0 1
0 0
0 0
0 1
0 0
0 0
0 0
0 0
0 0
0 0
0 0
0 1
0 0
0 0
0 0
0 0
0 1
0 0
0 0
0 0
1 0
0 11
0 15
0 17
0 17
0 19
1 21
0 23
0 25
0 27
0 28
0 30
0 37
0 37
0 38
0 41
0 49
0 43
0 45
0 49
0 58
0 58
0 59
0 58
0 55
0 63
0 61
0 68
0 71
0 67
0 77
0 80
0 80
0 79
0 81
0 81
0 84
0 89
0 90
0 93
0 92
0 97
0 101
0 97
0 98
0 110
0 104
0 105
0 113
1 120
1 114
0 117
0 118
0 126
0 127
0 124
0 124
1 129
0 136
1 132
0 131
0 135
0 139
0 152
0 161
0 151
1 150
0 146
0 152
0 152
0 160
0 157
0 159
0 159
0 165
1 167
0 164
0 175
0 163
0 173
0 173
0 175
0 184
0 184
0 184
0 188
0 189
0 192
0 199
0 190
0 191
0 203
0 209
0 213
0 205
0 202
0 212
0 209
0 231
0 206
2 0
1 10
0 16
0 22
0 26
0 32
0 37
0 42
0 47
0 52
0 56
0 61
0 65
1 69
0 74
0 80
0 83
0 89
0 92
0 95
0 100
0 103
0 109
0 115
1 119
0 125
0 129
0 132
0 142
1 141
0 146
0 152
0 160
0 159
0 165
0 173
0 175
1 177
1 182
0 186
0 196
0 196
1 201
0 205
0 208
0 214
1 217
1 221
0 227
0 233
0 235
0 243
0 243
1 251
0 253
1 256
0 261
1 271
1 274
0 274
0 283
0 284
1 289
0 295
0 302
0 302
0 304
1 312
0 315
0 321
0 327
1 330
0 331
0 335
0 341
1 343
1 355
0 356
0 359
0 363
1 367
1 376
1 377
1 376
0 384
0 390
0 392
1 408
0 415
0 407
0 413
1 421
0 420
1 429
0 431
1 437
1 445
0 442
0 449
1 449
5 0
1 17
0 27
0 36
1 44
0 52
1 60
1 67
1 77
1 82
0 91
0 98
1 105
0 113
1 120
1 127
1 133
1 141
0 148
1 154
0 163
1 169
1 177
1 189
1 195
1 203
1 210
1 216
1 222
1 232
1 238
0 246
1 255
1 261
1 267
0 275
1 281
1 291
1 297
0 305
0 312
0 318
1 326
1 332
1 339
0 349
0 352
1 362
0 368
1 376
1 384
1 390
1 398
0 405
1 414
1 419
1 425
0 435
1 440
1 452
0 456
1 461
1 470
0 478
1 490
0 492
1 502
0 506
1 514
0 521
1 525
0 542
1 541
0 553
1 555
1 568
0 574
1 580
1 590
1 593
0 599
1 612
0 618
0 623
1 632
1 644
0 647
0 652
0 661
1 674
1 677
1 684
1 690
1 700
1 709
1 712
1 721
1 729
0 738
0 741
8 0
1 24
1 37
1 50
1 62
1 73
1 85
1 96
2 107
1 118
1 129
1 139
1 151
1 160
1 170
1 183
2 190
1 201
1 212
1 221
1 233
2 246
1 257
1 268
1 276
2 287
2 297
2 307
2 317
1 329
1 338
1 350
1 359
2 372
2 380
1 390
1 401
1 412
1 420
1 432
2 440
1 453
1 461
2 473
2 482
1 494
1 500
2 513
1 523
1 533
2 544
1 553
1 565
2 575
1 587
1 593
2 605
2 617
1 632
1 635
2 646
1 657
2 669
1 680
1 690
1 704
2 711
1 719
2 734
2 739
2 752
1 767
1 773
1 787
1 793
2 805
1 811
1 823
1 836
1 844
1 857
1 867
2 882
1 888
1 898
1 909
1 919
2 930
2 944
1 948
1 965
1 973
1 981
2 995
2 1003
2 1013
2 1026
2 1038
1 1043
1 1060
11 1
2 32
2 50
2 67
1 83
2 96
2 112
2 125
1 142
1 154
2 168
2 182
2 197
2 209
2 223
2 237
2 252
2 265
2 279
2 294
2 310
2 324
2 339
3 351
2 363
2 379
2 392
2 405
2 421
2 434
2 446
2 461
2 474
2 485
2 500
2 512
2 528
2 541
2 556
2 569
2 579
2 594
2 607
2 619
2 636
2 650
2 661
2 674
2 691
2 701
2 715
2 732
2 740
2 759
2 768
2 783
2 801
2 810
2 824
2 839
2 850
2 866
2 881
2 891
2 902
2 922
2 936
2 946
2 963
2 974
2 995
2 1004
2 1021
2 1033
2 1045
2 1062
2 1072
3 1090
2 1102
2 1115
2 1129
2 1141
2 1156
2 1172
2 1182
2 1201
3 1207
2 1229
2 1236
2 1258
2 1264
2 1291
2 1296
2 1311
2 1324
2 1337
2 1349
2 1365
2 1381
2 1391
16 0
2 40
2 63
3 84
3 104
3 122
3 142
2 161
3 180
3 198
3 214
3 230
3 249
3 267
3 284
3 300
3 318
3 333
3 356
3 372
3 391
3 409
3 425
3 439
3 457
3 477
2 496
3 509
3 527
3 545
3 562
3 577
3 596
3 612
2 632
3 643
3 663
3 686
3 697
3 716
3 728
3 746
3 760
3 781
3 802
3 814
3 831
3 850
3 864
3 887
3 901
3 913
3 932
3 953
3 967
3 989
3 999
3 1020
3 1037
3 1056
3 1074
3 1092
3 1105
2 1126
3 1139
4 1162
3 1177
3 1193
4 1207
3 1224
3 1246
3 1259
3 1276
3 1296
3 1312
4 1328
3 1345
3 1368
3 1381
3 1398
3 1416
4 1435
3 1453
3 1466
3 1486
3 1507
3 1517
3 1529
3 1556
3 1566
3 1593
3 1605
3 1623
3 1646
3 1662
3 1681
3 1697
3 1713
3 1734
3 1744
22 1
3 50
3 78
4 104
4 130
3 150
4 175
4 195
4 220
4 240
4 261
4 283
4 306
4 325
4 347
4 367
5 387
4 410
5 436
4 454
4 478
4 500
4 517
4 538
5 559
4 580
4 602
4 624
4 642
4 665
4 685
4 704
4 729
4 743
4 765
5 782
4 806
4 829
4 848
4 870
4 885
4 911
4 927
4 951
4 967
4 998
5 1014
4 1032
4 1056
5 1073
4 1097
4 1114
4 1133
5 1161
4 1180
5 1196
4 1221
5 1239
5 1265
4 1276
4 1305
4 1322
4 1357
4 1364
5 1384
4 1409
4 1433
4 1442
4 1475
5 1493
4 1508
4 1532
4 1558
5 1570
4 1591
4 1614
4 1637
4 1661
4 1677
4 1692
5 1723
4 1736
4 1767
4 1779
4 1803
4 1827
4 1847
4 1870
4 1884
4 1913
4 1942
4 1947
5 1967
4 1995
5 2018
5 2039
4 2070
5 2076
4 2095
4 2117
30 0
4 61
4 94
5 125
5 156
4 180
5 209
5 236
6 265
5 288
5 312
6 338
5 365
5 391
5 413
6 439
5 465
5 490
6 522
5 541
5 566
5 595
5 617
5 643
5 669
6 694
6 718
5 742
6 767
5 792
5 814
6 839
5 866
6 888
5 911
5 933
5 958
5 984
5 1007
5 1034
5 1057
5 1084
6 1109
5 1127
5 1151
6 1175
6 1201
5 1224
6 1253
5 1278
6 1309
5 1322
6 1351
5 1379
5 1404
6 1426
6 1449
6 1471
5 1493
5 1525
5 1557
6 1589
6 1605
6 1632
6 1651
6 1674
6 1701
6 1725
6 1751
5 1768
5 1798
5 1818
6 1847
6 1870
5 1897
5 1919
6 1950
6 1972
5 1998
6 2020
5 2043
6 2079
6 2093
6 2113
6 2142
5 2176
6 2193
5 2215
5 2248
5 2274
6 2309
6 2328
6 2343
5 2378
5 2402
6 2421
5 2449
7 2479
6 2500
6 2528
39 1
5 72
6 112
5 148
6 183
6 213
6 246
6 277
7 311
7 337
7 369
6 400
6 430
7 458
7 487
7 518
7 546
7 580
7 613
7 638
7 668
6 695
7 723
7 750
7 784
7 811
7 840
7 864
7 898
7 924
7 957
6 985
7 1015
7 1039
7 1069
7 1095
6 1127
7 1155
7 1182
7 1210
6 1235
7 1272
7 1291
7 1324
7 1349
7 1378
6 1405
7 1432
7 1460
7 1489
6 1525
7 1552
7 1585
7 1608
7 1636
7 1661
7 1701
7 1726
6 1769
7 1789
7 1813
7 1843
8 1873
7 1892
7 1930
7 1953
7 1979
8 2009
7 2048
8 2069
7 2103
7 2122
7 2161
7 2183
7 2228
7 2237
7 2269
7 2295
7 2328
7 2341
7 2374
7 2404
7 2444
6 2457
7 2493
7 2516
7 2552
6 2580
6 2623
7 2641
8 2680
7 2688
7 2735
7 2745
7 2783
8 2802
7 2833
7 2865
7 2898
7 2916
